001111111
100110100
101111000
100110111
101111000
011000111
100110001
011010111
100110001
001010010
000010000
001011011
000011001
111000111
101001010
101001010
101000110
101001010
101000110
101001010
101000110
101001010
101000110
111100011
001110110
000110100
111100010
000110100
111100001
000110100
111100100
001000000
000000010
001001001
000001011
101000010
101000000
111101000
000110101
001101101
100011111
100011000
100011000
010000101
101101011
101101011
010000101
101101011
010000101
101101011
010000101
010001101
000000110
000001100
001000010
001001011
101000010
101100110
101000010
101100110
101000010
101100110
101000010
101000010
101100110
101001010
101100110
101100010
101100010
101100010
000000010
000001011
001110110
100100101
101110000
100100111
101100010
101101110
110110010
001101101
001110110
100100100
101110000
100100111
101110000
100000000
110110000
001101101
100010001
101101011
001110110
100100100
100100111
101110000
110110100
001101101
100010001
001010010
000010101
101101011
101101011
001011011
001110110
100100100
101110000
100000000
110110000
101010000
101011100
100001111
001110110
100101101
100101000
110110100
001000010
001001011
111000111
101001010
101001010
101000110
101001010
101000110
101001010
101000110
101001010
101000110
000001101
001110110
100101000
100101000
100101000
100101000
000110111
011001110
100100001
011011110
001101101
100011011
100011000
100011000
100011000
000110101
110101101
101111111