100000100
101100000
101100000
101100000
011110100
011000111
100110001
011010111
100110001
001101101
001110110
100100111
010110011
001011110
001010010
000010011
001010000
001100100
100000101
101100000
100000111
101010010
101010010
101010010
110100100
100010100
001100100
100000010
100101100
110100110
100010001
100100100
100010000
001100100
100000101
100010000
110100010
001100100
100000001
101100011
000101100
101001000
101000100
001100100
100001101
100001000
100001000
100001000
100001000
100001000
100001000
100001000
100001000
001010010
000010100
000011110
001100100
100000010
100111000
100111000
100111000
100111000
110100010
100100100
100110111
100110111
100110111
100110111
100110100
001011110
001110011
001011110
100100001
001011110
001110011
001011110
100101001
110010100
100111000
001100100
100000110
100000111
101100000
100000111
011000001
001010010
101101011
101101011
101101000
101010100
101101000
101010100
000001010
011011100
100000001
011010100
001010010
101101000
101010100
000001010
011011100
100000001
011010100
101101010
101101010
101101010
000001101
011011100
001110110
000110111
100101000
100101000
100101000
100101000
110111011
101111111